#ExtractHits?, DetName, DataChannel, MaGeChannel, GrooveOnTop?, DetType (COAX=0/BEGe=1), TaperLength, TaperWidth, ImpurityZ0, ImpurityZGradient, HV
1  GD91A   0  3  0 1 11.50 7.27 -1.20 0.2149 3500
1  GD35B   1  4  0 1 0 0 -2.30 0.09353 4000
1  GD02B   2  5  0 1 0 0 -1.40 0.0349 3000
1  GD00B   3  6  0 1 0 0 -1.20 0.0679 3200
1  GD61A   4  7  0 1 16.13 4.99 -2.20 0.0298 4400
1  GD89B   5  8  0 1 0 0 -2.60 0.0402 3500
1  GD02D   6  9  1 1 6.83 3.05 -1.00 0.3225 4200
1  GD91C   7  10 0 1 0 0 -1.40 0.0336 4000

1  ANG5    8  11 0 0 0 0 0.0 0.0 1800
1  RGI     9  12 0 0 0 0 0.0 0.0 4500
1  ANG3    10 13 0 0 0 0 0.0 0.0 3500
	
1  GD02A   11	14 1 1 12.36 6.48 -1.40 0.2613 2500
1  GD32B   12	15 0 1 0 0 -1.90 0.0311 3200
1  GD32A   13	16 1 1 5.50 3.13 -1.90 0.0402 3000
1  GD32C   14	17 0 1 0 0 -1.80	0.0603 4000
1  GD89C   15	18 0 1 0 0 -2.70 0.0404 4000
1  GD61C   16	19 0 1 0 0 -2.44 0.0529 3700
1  GD76B   17	20 1 1 0 0 -2.06 0.0609 3500
1  GD00C   18	21 0 1 0 0 -1.30 0.0297 3500

1  GD35C   19	22 1 1 0 0 -3.10 0.3040 3500
1  GD76C   20	23 0 1 0 0 -1.90 0.4792 3500
1  GD89D   21	24 0 1 0 0 -2.90 0.0874 4000
1  GD00D   22	25 0 1 0 0 -1.95 0.2014 3500
1  GD79C   23	26 0 1 0 0 -2.10 0.5295 3500
1  GD35A   24	27 0 1 12.75	7.65 -2.00 0.0283 3800
1  GD91B   25	28 0 1 0 0 -1.30 0.0330 3000
1  GD61B   26	29 0 1 0 0 -2.30 0.0331 4000

1  ANG2    27	30 0 0 0 0 0.0 0.0 3500
1  RGII    28	31 0 0 0 0 0.0 0.0 4000
1  ANG4    29	32 0 0 0 0 0.0 0.0 3500

1  GD00A   30	33 1 1 12.06 11.92 -1.00 0.0454 2500
1  GD02C   31	34 0 1 0 0 -1.30 0.0921 3500
1  GD79B   32	35 0 1 0 0 -2.10 0.1584 3500
1  GD91D   33	36 0 1 0 0 -1.51 0.0345 4500
1  GD32D   34	37 0 1 0 0 -1.60 0.0934 4000
1  GD89A   35	38 0 1 12.00	9.07 -2.50 0.0353 4000
1  ANG1    36	39 0 0 0 0 0.0 0.0 4000

1  GTF112  37	0  0 0 0 0 0.0 0.0 3500
1  GTF32   38	1  0 0 0 0 0.0 0.0 3500
1  GTF45   39	2  0 0 0 0 0.0 0.0 3500
